120 100
i 1 -0.66166,-0.85917,-0.45352,0.17693,0.37171,0.10185,0.00113,0.11943,-3e-005,-0.01908,2e-005,-0.20999,0,-0.01487,0.01742,-0.0106,0,0.00168,0.01336,0.00134
f 3 20,21,22,23,24,25,26,27,28,29,30,31,32,33,34,35,36,37,38,39,40,41,42,43,44,45,46,47,48,49,50,51,52,53,54,55,56,57,58,59,60,61,62,63,64,65,66,67,68,69,70,71,72,73,74,75,76,77,78,79,80,81,82,83,84,85,86,87,88,89,90,91,92,93,94,95,96,97,98,99,100,101,102,103,104,105,106,107,108,109,110,111,112,113,114,115,116,117,118,119

1 3 [0,0.5,1.5,2.25,3,4,5,6] [0.3] [-12] 
1 3 [8,8.5,9.5,10.25,11,12,13,14] [0.3] [-12] 
0 3 [16,16.5,17.5,18.25,19,20,21,22] [0.3] [-5] 
0 3 [24,24.5,25.5,26.25,27,28,29,30] [0.3] [-7] 
0 1 [0,6,6.75,7.5] [6,0.75,0.75,6.5] [12,19;12,15;10;8,17] 
0 1 [14,14.75,15.5] [0.75,0.75,6.5] [8,15;10;5,9] 
0 1 [22,22.75,23.5,27.5] [0.75,0.75,6.5,4] [5,12;7,14;8,15;10,17] 
